<!DOCTYPE html>
<html>
  
  <head data-gwd-animation-mode="proMode">
    <meta name="generator" content="Google Web Designer 1.0.0.924">
    <meta name="template" content="Banner 1.0.5">
    <meta http-equiv="Content-Type" content="text/html; charset=utf-8">
    <meta name="viewport" content="width=device-width, initial-scale=1.0">
    <style type="text/css">
      html, body {
        width: 100%;
        height: 100%;
        margin: 0px;
      }
      .gwd-page-container {
        position: relative;
        width: 100%;
        height: 100%;
      }
      .gwd-page-content {
        background-color: transparent;
        -webkit-transform: perspective(1400px) matrix3d(1, 0, 0, 0, 0, 1, 0, 0, 0, 0, 1, 0, 0, 0, 0, 1);
        -webkit-transform-style: preserve-3d;
        position: absolute;
      }
      .gwd-page-wrapper {
        position: absolute;
        -webkit-transform: translateZ(0px);
        background-image: none;
        background-color: rgb(84, 82, 82);
      }
      .gwd-page-size {
        width: 300px;
        height: 250px;
      }
      .gwd-div-j0id {
        position: absolute;
        width: 136px;
        height: 105px;
        -webkit-transform-style: preserve-3d;
        background-image: none;
        left: 80.35029882209011px;
        top: 67.96331435453894px;
        -webkit-transform: matrix3d(0.9999795293, 0.006385826, -0.00040265, 0, -0.0063985077, 0.9979975927, -0.0629274515, 0, 0, 0.0629287397, 0.9980180227, 0, 0, 0, 0, 1);
        background-color: rgb(127, 114, 112);
      }
      .gwd-div-w9b1 {
        height: 250px;
        width: 300px;
      }
      .gwd-div-dkv5 {
        height: 250px;
        width: 300px;
      }
      .gwd-gen-v7zm .gwd-gen-auajgwdanimation {
        -webkit-animation: gwd-gen-auajgwdanimation_animation 3s linear 0s 1 forwards;
      }
      @-webkit-keyframes gwd-gen-auajgwdanimation_animation {
        0% {
          -webkit-animation-timing-function: linear;
          -webkit-transform: matrix3d(1, 0, 0, 0, 0, 1, 0, 0, 0, 0, 1, 0, 0, 0, 0, 1);
          background-color: rgb(113, 127, 112);
        }
        33.3333% {
          -webkit-animation-timing-function: linear;
          -webkit-transform: matrix3d(0.1597780554, 0.9851964486, -0.0621202919, 0, -0.9871529633, 0.1594613789, -0.0100546317, 0, 0, 0.0629287397, 0.9980180227, 0, 0, 0, 0, 1);
          background-color: rgb(123, 127, 112);
        }
        66.6667% {
          -webkit-animation-timing-function: linear;
          -webkit-transform: matrix3d(0.9999795293, 0.006385826, -0.00040265, 0, -0.0063985077, 0.9979975927, -0.0629274515, 0, 0, 0.0629287397, 0.9980180227, 0, 0, 0, 0, 1);
          background-color: rgb(127, 114, 112);
        }
        100% {
          -webkit-animation-timing-function: linear;
          -webkit-transform: matrix3d(0.9999795293, 0.006385826, -0.00040265, 0, -0.0063985077, 0.9979975927, -0.0629274515, 0, 0, 0.0629287397, 0.9980180227, 0, 0, 0, 0, 1);
          background-color: rgb(127, 114, 112);
        }
      }
      .gwd-div-udar {
        width: 300px;
        height: 250px;
      }
      .gwd-div-ye02 {
        width: 300px;
        height: 250px;
      }
      .gwd-div-h24h {
        position: absolute;
        left: 176.25px;
        top: 178.75px;
        width: 200px;
        height: 140px;
        -webkit-transform: matrix3d(0.9999619231, 0, -0.0087265355, 0, 0.0004567116, 0.9986295348, 0.0523339635, 0, 0.0087145761, -0.0523359562, 0.99859151, 0, -126.8251748794, -130.593437986, 0, 1);
        -webkit-transform-style: preserve-3d;
      }
      .gwd-div-zyhk {
        position: absolute;
        top: 18.1822564011px;
        left: 20.4654917118px;
        width: 48.1022593019px;
        height: 43.9271349777px;
        background-image: none;
        background-color: rgb(63, 62, 10);
        -webkit-transform: matrix3d(-0.6300300586, 0.7765707471, 0, 0, -0.7765707471, -0.6300300586, 0, 0, 0, 0, 1, 0, 0, 0, 0, 1);
        -webkit-transform-style: preserve-3d;
      }
      .gwd-gen-v7zm .gwd-gen-rossgwdanimation {
        -webkit-animation: gwd-gen-rossgwdanimation_gwd-keyframes 2.6s linear 0s 1 forwards;
      }
      @-webkit-keyframes gwd-gen-rossgwdanimation_gwd-keyframes {
        0% {
          top: 18.1822564011px;
          left: 20.4654917118px;
          width: 48.1022593019px;
          height: 43.9271349777px;
          -webkit-transform: matrix3d(1, 0, 0, 0, 0, 1, 0, 0, 0, 0, 1, 0, 0, 0, 0, 1);
          background-color: rgb(219, 30, 30);
          -webkit-animation-timing-function: linear;
        }
        0% {
          top: 18.1822564011px;
          left: 20.4654917118px;
          width: 48.1022593019px;
          height: 43.9271349777px;
          -webkit-transform: matrix3d(1, 0, 0, 0, 0, 1, 0, 0, 0, 0, 1, 0, 0, 0, 0, 1);
          background-color: rgb(219, 30, 30);
          -webkit-animation-timing-function: linear;
        }
        38.4615% {
          top: 18.1822564011px;
          left: 20.4654917118px;
          width: 48.1022593019px;
          height: 43.9271349777px;
          -webkit-transform: matrix3d(0.6113178851, -0.7897911414, 0.0502035493, 0, 0.7913851423, 0.6100865741, -0.0387805203, 0, 0, 0.0634375686, 0.997985809, 0, 0, 0, 0, 1);
          background-color: rgb(101, 219, 30);
          -webkit-animation-timing-function: linear;
        }
        57.6923% {
          top: 18.1822564011px;
          left: 20.4654917118px;
          width: 48.1022593019px;
          height: 43.9271349777px;
          -webkit-transform: matrix3d(-0.958635986, -0.2846349352, 0, 0, 0.2846349352, -0.958635986, 0, 0, 0, 0, 1, 0, 0, 0, 0, 1);
          background-color: rgb(219, 214, 30);
          -webkit-animation-timing-function: linear;
        }
        100% {
          top: 18.1822564011px;
          left: 20.4654917118px;
          width: 48.1022593019px;
          height: 43.9271349777px;
          -webkit-transform: matrix3d(-0.6300300586, 0.7765707471, 0, 0, -0.7765707471, -0.6300300586, 0, 0, 0, 0, 1, 0, 0, 0, 0, 1);
          background-color: rgb(63, 62, 10);
          -webkit-animation-timing-function: linear;
        }
      }
    </style>
    <script type="text/x-serialization" id="gwd-serialization">
      {
        "version": 1,
        "content": {
          "type": "rad.ad.RichMedia",
          "properties": {
            "environment": "@environment"
          },
          "children": [
            "@page1",
            "@page1_1"
          ]
        },
        "objects": {
          "environment": {
            "type": "rad.environment.DoubleClickStudio",
            "properties": {
              "isBanner": true
            }
          },
          "page1": {
            "type": "rad.ui.Page",
            "decorates": true,
            "properties": {
              "width": "300px",
              "height": "250px",
              "isDefault": true,
              "introAnimationSequence": "@intropage1"
            },
            "children": [],
            "events": [
              {
                "handler": {
                  "target": "@rad.ad.RichMedia",
                  "method": "goToPage",
                  "parameters": [
                    "@page1_1",
                    "none",
                    1000,
                    "linear",
                    "top"
                  ]
                },
                "target": "@rad.ad.RichMedia",
                "type": "pagepresented"
              }
            ]
          },
          "intropage1": {
            "type": "rad.animation.CSSAnimation",
            "properties": {
              "cssClass": "gwd-gen-v7zm",
              "elementCount": 2
            }
          },
          "page1_1": {
            "type": "rad.ui.Page",
            "decorates": true,
            "properties": {
              "width": "300px",
              "height": "250px"
            },
            "children": [
              "@galleryswipable_1"
            ]
          },
          "galleryswipable_1": {
            "type": "rad.ui.GallerySwipable",
            "decorates": true,
            "properties": {
              "images": [
                "images/01.jpg",
                "images/02.jpg",
                "images/03.jpg",
                "images/04_.jpg",
                "images/05.jpg",
                "images/06.jpg",
                "images/07.jpg",
                "images/08.jpg",
                "images/09.jpg",
                "images/10.jpg",
                "images/11.jpg",
                "images/12.jpg",
                "images/13.jpg",
                "images/14.jpg",
                "images/15.jpg",
                "images/16.jpg",
                "images/17.jpg",
                "images/18.jpg",
                "images/19.jpg",
                "images/20.jpg",
                "images/21.jpg",
                "images/22.jpg",
                "images/23.jpg",
                "images/IMG_2265.jpg",
                "images/IMG_2271.jpg",
                "images/IMG_2276.jpg",
                "images/IMG_2285.jpg",
                "images/IMG_2287.jpg",
                "images/IMG_2289.jpg",
                "images/IMG_2299.jpg",
                "images/IMG_2301.jpg",
                "images/IMG_2304.jpg",
                "images/IMG_2306.jpg",
                "images/IMG_2308.jpg",
                "images/IMG_2312.jpg",
                "images/IMG_2313.jpg",
                "images/IMG_2344.jpg",
                "images/IMG_2345.jpg",
                "images/IMG_2351.jpg",
                "images/IMG_2354.jpg",
                "images/IMG_2355.jpg",
                "images/IMG_2365.jpg",
                "images/IMG_2371.jpg",
                "images/IMG_2375.jpg",
                "images/IMG_2379.jpg",
                "images/IMG_2383.jpg"
              ]
            }
          }
        }
      }
    </script>
  </head>
  
  <body>
    <div class="gwd-page-container">
      <div id="page1" class="gwd-page-wrapper gwd-page-size gwd-div-dkv5" data-gwd-component-id="page1">
        <div class="gwd-page-content gwd-page-size gwd-div-w9b1">
          <div class="gwd-div-j0id gwd-gen-auajgwdanimation"></div>
          <div class="gwd-div-zyhk gwd-gen-rossgwdanimation"></div>
        </div>
      </div>
      <div id="page1_1" data-gwd-component-id="page1_1" class="gwd-page-wrapper gwd-div-udar">
        <div class="gwd-page-content gwd-div-ye02">
          <div id="galleryswipable_1" data-gwd-component="rad.ui.GallerySwipable" data-gwd-component-id="galleryswipable_1" class="gwd-div-h24h"></div>
        </div>
      </div>
    </div>
  </body>

</html>